➜  vandijk  java -jar build/libs/vandijk-0.0.1-SNAPSHOT.jar ~/Downloads/1.html ~/Downloads/2.html ~/Downloads/3.html ~/Downloads/4.html ~/Downloads/5.html ~/Downloads/6.html ~/Downloads/7.html ~/Downloads/8.html
Running with 8 inputs
Parsing /Users/Zoltan/Downloads/1.html
isbn size:29
Parsing /Users/Zoltan/Downloads/2.html
isbn size:45
Parsing /Users/Zoltan/Downloads/3.html
isbn size:56
Parsing /Users/Zoltan/Downloads/4.html
isbn size:73
Parsing /Users/Zoltan/Downloads/5.html
isbn size:90
Parsing /Users/Zoltan/Downloads/6.html
isbn size:104
Parsing /Users/Zoltan/Downloads/7.html
isbn size:116
Parsing /Users/Zoltan/Downloads/8.html
isbn size:134
9780198393023,9789006462913,9789011111646,9780435356583,9789001712778,9789011112575,9789011112971,9781405837989,9789011111882,9789001740337,9789049100650,9783190016587,9780435327859,9789001764425,9789034547620,9789006480979,9789034547583,9789034547637,8717927029572,9789049100759,9789011112902,9789011112506,9789034599919,9789011111899,9789001481001,9780582854154,8717927063521,9789011112865,8717927073056,9789034542229,9789011111653,9789034580344,9789034547590,9789001764432,9789001771249,9789034565204,9780194552783,3243480017220,9789001810023,9789034547644,9789011112759,9789034542236,9789006462937,9789011112513,9789011111820,9780194554329,9789001712754,9789011112476,8717927073063,8717927063538,9780435327842,9789034599964,9789034533401,3243480017626,9789006463118,9789001814106,9789011112926,9789011111837,9789011112407,9789011112766,8717927063545,9789011112643,9780194554336,9789011112360,9789034533531,9789034596581,9789034547651,9789001766719,9789034565228,9783190116584,9789034565105,9789001810016,9789006480986,9789034547705,9789034572349,9789011112933,9789011112537,9789011112896,9789011112377,9789001814090,9789034557513,9789001712693,9789001712730,9780435074869,9789034583406,9789460770548,9789049100735,9789006463019,9789049100698,9780198393054,9789006462944,9789034599957,9789034565082,9789011112544,9789402005127,9789011113596,9789011112780,9780435074876,9789001810719,9780582854192,9789001810559,9789006462951,9789001126001,9789034599926,9789011112834,9789001712679,9789011113008,9789011112797,9789011111585,9789001481193,9789001740313,9789006463033,9789011112391,9789001740399,9781405837972,9789049100711,9789020882865,9789055739240,9789049100674,9789034547682,9780582854413,9781409582991,9789001810450,9789001809980,9789011112445,8717927073032,9789034557520,9780194552875,9789001806873,9789055737918,9789011111592,9789001765705,9789006462975,9789001814137
final isbn size:134